總共50000步
21  34  24  23  32  38  28  40  30  30  34  35  36  29  35  34  46  56  59  
79  107 125 121 120 109 106 104 107 113 127 122 93  96  116 124 132 158 115 
99  120 156 152 156 153 139 150 149 170 178 182 151 135 166 173 177 188 117 
98  138 134 143 160 163 168 172 157 150 158 166 180 158 152 170 173 183 124 
100 129 129 129 135 169 156 179 134 152 150 141 145 146 142 159 175 178 139 
101 107 122 134 149 156 138 161 152 130 137 144 134 152 157 181 192 164 130 
116 121 108 121 150 151 160 133 152 114 114 140 153 146 172 168 171 165 143 
112 119 98  117 121 129 153 127 122 131 118 125 132 141 156 168 161 176 150 
112 145 116 103 146 140 115 139 130 165 131 136 126 146 160 194 169 180 142 
139 143 125 116 133 145 123 149 153 139 127 139 138 139 154 178 188 209 133 
134 139 108 104 128 124 148 118 130 143 141 120 126 150 139 162 193 160 145 
125 142 113 120 134 101 102 122 133 141 131 131 141 153 164 161 170 162 128 
132 132 131 123 133 127 115 124 125 121 133 137 125 133 135 146 168 117 123 
140 149 145 131 148 131 134 157 144 108 126 141 141 124 107 133 133 159 120 
108 149 143 142 146 157 142 151 136 122 152 153 124 118 140 125 132 145 123 
99  114 153 140 166 146 139 144 127 142 148 145 155 151 133 126 145 137 102 
100 125 151 149 147 161 127 147 127 149 141 171 179 140 143 148 130 131 94  
103 131 118 120 154 145 156 137 148 151 151 170 178 167 164 139 123 119 92  
75  111 104 110 109 111 108 148 147 119 107 107 139 119 117 125 120 98  67  
38  40  49  37  43  57  49  58  58  45  40  44  50  40  47  50  61  40  22  
0   0   0   0   0   0   0   0   0   0   0   0   0   0   0   0   0   0   0   
0   0   0   0   0   0   0   0   0   0   0   0   0   0   0   0   0   0   0   
0   0   0   0   0   0   0   0   0   0   0   0   0   0   0   0   0   0   0   
0   0   0   0   0   0   0   0   0   0   0   0   0   0   0   0   0   0   0   
0   0   0   0   0   0   0   0   0   0   0   0   0   0   0   0   0   0   0   
0   0   0   0   0   0   0   0   0   0   0   0   0   0   0   0   0   0   0   
0   0   0   0   0   0   0   0   0   0   0   0   0   0   0   0   0   0   0   
0   0   0   0   0   0   0   0   0   0   0   0   0   0   0   0   0   0   0   
0   0   0   0   0   0   0   0   0   0   0   0   0   0   0   0   0   0   0   
0   0   0   0   0   0   0   0   0   0   0   0   0   0   0   0   0   0   0   
0   0   0   0   0   0   0   0   0   0   0   0   0   0   0   0   0   0   0   
0   0   0   0   0   0   0   0   0   0   0   0   0   0   0   0   0   0   0   
0   0   0   0   0   0   0   0   0   0   0   0   0   0   0   0   0   0   0   
0   0   0   0   0   0   0   0   0   0   0   0   0   0   0   0   0   0   0   
0   0   0   0   0   0   0   0   0   0   0   0   0   0   0   0   0   0   0   
0   0   0   0   0   0   0   0   0   0   0   0   0   0   0   0   0   0   0   
0   0   0   0   0   0   0   0   0   0   0   0   0   0   0   0   0   0   0   
0   0   0   0   0   0   0   0   0   0   0   0   0   0   0   0   0   0   0   
0   0   0   0   0   0   0   0   0   0   0   0   0   0   0   0   0   0   0   
